##TITLE= Parameter file, TopSpin 4.1.4
##JCAMPDX= 5.0
##DATATYPE= Parameter Values
##NPOINTS= 6	$$ modification sequence number
##ORIGIN= Bruker BioSpin GmbH
##OWNER= nmrsu
$$ 2025-03-25 14:00:44.815 +0100  nmrsu@900NEO
$$ /opt/topspin4.1.4/exp/stan/nmr/par/user/hvi_tdTROSY.btr/clevels
$$ process /opt/topspin4.1.4/prog/mod/edparproc
##$LEVELS= (0..255)
-3283584175.52268 -2736320037.53731 -2280266607.3381 -1900222097.27371
-1583518351.47139 -1319598573.79002 -1099665434.46158 -916387825.637332
-763656491.019461 -636380383.8954 -530316965.506597 -441930787.028079 -368275641.222773
-306896355.490679 -255746952.746428 -213122452.153298 -177602036.403811
-148001691.122117 -123334737.700882 -102778944 102778944 123334737.700882
148001691.122117 177602036.403811 213122452.153298 255746952.746428 306896355.490679
368275641.222773 441930787.028079 530316965.506597 636380383.8954 763656491.019461
916387825.637332 1099665434.46158 1319598573.79002 1583518351.47139 1900222097.27371
2280266607.3381 2736320037.53731 3283584175.52268 0 0 0 0 0 0 0 0 0 0 0
0 0 0 0 0 0 0 0 0 0 0 0 0 0 0 0 0 0 0 0 0 0 0 0 0 0 0 0 0 0 0 0 0 0 0 0
0 0 0 0 0 0 0 0 0 0 0 0 0 0 0 0 0 0 0 0 0 0 0 0 0 0 0 0 0 0 0 0 0 0 0 0
0 0 0 0 0 0 0 0 0 0 0 0 0 0 0 0 0 0 0 0 0 0 0 0 0 0 0 0 0 0 0 0 0 0 0 0
0 0 0 0 0 0 0 0 0 0 0 0 0 0 0 0 0 0 0 0 0 0 0 0 0 0 0 0 0 0 0 0 0 0 0 0
0 0 0 0 0 0 0 0 0 0 0 0 0 0 0 0 0 0 0 0 0 0 0 0 0 0 0 0 0 0 0 0 0 0 0 0
0 0 0 0 0 0 0 0 0 0 0 0 0 0 0 0 0 0 0 0 0 0 0 0 0
##$LEVSIGN= 0
##$MAXLEV= 20
##$METHOD= 0
##$NEGBASE= -102778944
##$NEGINCR= 1.20000004768372
##$POSBASE= 102778944
##$POSINCR= 1.20000004768372
##END=
