##TITLE= Parameter file, TopSpin 4.1.4
##JCAMPDX= 5.0
##DATATYPE= Parameter Values
##NPOINTS= 13	$$ modification sequence number
##ORIGIN= Bruker BioSpin GmbH
##OWNER= nmrsu
$$ 2025-03-26 13:08:46.880 +0100  nmrsu@900NEO
$$ /opt/topspin4.1.4/exp/stan/nmr/par/user/hvi_Chsqc.ct/clevels
$$ process /opt/topspin4.1.4/prog/mod/edparproc
##$LEVELS= (0..255)
-9664692346.14065 -8053909968.41691 -6711591373.65275 -5592992589.13173
-4660826972.40515 -3884022322.66711 -3236685140.27495 -2697237509.7172
-2247697835.44885 -1873081455.11114 -1560901150.56797 -1300750907.11945
-1083959046.19354 -903299169.267403 -752749277.811267 -627291039.916416
-522742512.491759 -435618743.099865 -363015604.824944 -302512992 302512992
363015604.824944 435618743.099865 522742512.491759 627291039.916416 752749277.811267
903299169.267403 1083959046.19354 1300750907.11945 1560901150.56797 1873081455.11114
2247697835.44885 2697237509.7172 3236685140.27495 3884022322.66711 4660826972.40515
5592992589.13173 6711591373.65275 8053909968.41691 9664692346.14065 0 0
0 0 0 0 0 0 0 0 0 0 0 0 0 0 0 0 0 0 0 0 0 0 0 0 0 0 0 0 0 0 0 0 0 0 0 0
0 0 0 0 0 0 0 0 0 0 0 0 0 0 0 0 0 0 0 0 0 0 0 0 0 0 0 0 0 0 0 0 0 0 0 0
0 0 0 0 0 0 0 0 0 0 0 0 0 0 0 0 0 0 0 0 0 0 0 0 0 0 0 0 0 0 0 0 0 0 0 0
0 0 0 0 0 0 0 0 0 0 0 0 0 0 0 0 0 0 0 0 0 0 0 0 0 0 0 0 0 0 0 0 0 0 0 0
0 0 0 0 0 0 0 0 0 0 0 0 0 0 0 0 0 0 0 0 0 0 0 0 0 0 0 0 0 0 0 0 0 0 0 0
0 0 0 0 0 0 0 0 0 0 0 0 0 0 0 0 0 0 0 0 0 0 0 0 0 0 0 0 0 0 0 0 0 0
##$LEVSIGN= 0
##$MAXLEV= 20
##$METHOD= 0
##$NEGBASE= -302512992
##$NEGINCR= 1.20000004768372
##$POSBASE= 302512992
##$POSINCR= 1.20000004768372
##END=
