##TITLE= Parameter file, TopSpin 4.1.4
##JCAMPDX= 5.0
##DATATYPE= Parameter Values
##NPOINTS= 1	$$ modification sequence number
##ORIGIN= Bruker BioSpin GmbH
##OWNER= nmrsu
$$ 2025-03-26 13:38:51.845 +0100  nmrsu@900NEO
$$ /opt/topspin4.1.4/exp/stan/nmr/par/user/hvi_Chmqc.bb/clevels
$$ process /opt/topspin4.1.4/prog/mod/edparproc
##$LEVELS= (0..255)
-3024551896.72171 -2520459813.78068 -2100383094.68884 -1750319176.0226
-1458599255.39264 -1215499331.19426 -1012916069.07888 -844096690.691014
-703413880.958022 -586178210.839056 -488481822.955356 -407068169.620694
-339223461.204383 -282686206.437378 -235571829.337032 -196309849.980207
-163591535.149629 -136326273.874238 -113605223.714266 -94671016 94671016
113605223.714266 136326273.874238 163591535.149629 196309849.980207 235571829.337032
282686206.437378 339223461.204383 407068169.620694 488481822.955356 586178210.839056
703413880.958022 844096690.691014 1012916069.07888 1215499331.19426 1458599255.39264
1750319176.0226 2100383094.68884 2520459813.78068 3024551896.72171 0 0
0 0 0 0 0 0 0 0 0 0 0 0 0 0 0 0 0 0 0 0 0 0 0 0 0 0 0 0 0 0 0 0 0 0 0 0
0 0 0 0 0 0 0 0 0 0 0 0 0 0 0 0 0 0 0 0 0 0 0 0 0 0 0 0 0 0 0 0 0 0 0 0
0 0 0 0 0 0 0 0 0 0 0 0 0 0 0 0 0 0 0 0 0 0 0 0 0 0 0 0 0 0 0 0 0 0 0 0
0 0 0 0 0 0 0 0 0 0 0 0 0 0 0 0 0 0 0 0 0 0 0 0 0 0 0 0 0 0 0 0 0 0 0 0
0 0 0 0 0 0 0 0 0 0 0 0 0 0 0 0 0 0 0 0 0 0 0 0 0 0 0 0 0 0 0 0 0 0 0 0
0 0 0 0 0 0 0 0 0 0 0 0 0 0 0 0 0 0 0 0 0 0 0 0 0 0 0 0 0 0 0 0 0 0
##$LEVSIGN= 0
##$MAXLEV= 20
##$METHOD= 0
##$NEGBASE= -94671016
##$NEGINCR= 1.20000004768372
##$POSBASE= 94671016
##$POSINCR= 1.20000004768372
##END=
