##TITLE= Parameter file, TopSpin 4.1.4
##JCAMPDX= 5.0
##DATATYPE= Parameter Values
##NPOINTS= 7	$$ modification sequence number
##ORIGIN= Bruker BioSpin GmbH
##OWNER= nmrsu
$$ 2025-03-25 13:46:04.126 +0100  nmrsu@900NEO
$$ /opt/topspin4.1.4/exp/stan/nmr/par/user/hvi_1D_undec/clevels
$$ process /opt/topspin4.1.4/prog/mod/edparproc
##$LEVELS= (0..255)
41825.648948557 50191.0050124384 60228.5271924161 72274.2326308994 86729.7579795891
104075.935849677 124890.896745442 149869.302368701 179842.710294101 215811.252352921
258973.050275166 310768.339152708 372921.32816074 447505.820067058 537007.43662881
644408.471406232 773290.844509988 927948.108315306 1113538.18252671 1336246.27158039
1603495.2996223 1924193.68072425 2309032.86941744 2770839.21702675 3325007.28670627
3990008.9703217 4788010.08556353 5745612.55522457 6894734.61372114 8273682.21528788
9928418.43207129 11914102.1184855 0 0 0 0 0 0 0 0 0 0 0 0 0 0 0 0 0 0 0
0 0 0 0 0 0 0 0 0 0 0 0 0 0 0 0 0 0 0 0 0 0 0 0 0 0 0 0 0 0 0 0 0 0 0 0
0 0 0 0 0 0 0 0 0 0 0 0 0 0 0 0 0 0 0 0 0 0 0 0 0 0 0 0 0 0 0 0 0 0 0 0
0 0 0 0 0 0 0 0 0 0 0 0 0 0 0 0 0 0 0 0 0 0 0 0 0 0 0 0 0 0 0 0 0 0 0 0
0 0 0 0 0 0 0 0 0 0 0 0 0 0 0 0 0 0 0 0 0 0 0 0 0 0 0 0 0 0 0 0 0 0 0 0
0 0 0 0 0 0 0 0 0 0 0 0 0 0 0 0 0 0 0 0 0 0 0 0 0 0 0 0 0 0 0 0 0 0 0 0
0 0 0 0 0 0 0 0 0 0 0 0 0 0 0 0 0 0 0 0 0 0 0 0 0
##$LEVSIGN= 1
##$MAXLEV= 64
##$METHOD= 0
##$NEGBASE= -3696.9
##$NEGINCR= 1.2
##$POSBASE= 3696.9
##$POSINCR= 1.2
##END=
